0	0.10757001185211852		0.09886152770408599
5	0.24355813153131528		0.19280938448646995
10	0.48360072877878785		0.19118267138210307
15	0.5733069852828528		0.16590240049057395			
25	0.5936251018925189		0.16938084119253924			
35	0.5854374975139752		0.19949645150012832			
45	0.5759032017995179		0.18914366702368418			
55	0.5507944179431794		0.19569672130180027		
65	0.5231451943579436		0.19146025021381774				
75	0.4989871038820389		0.1957296907225883			
85	0.4560883926129261		0.19016707807730776			
95	0.41670229025390254		0.1765967648083003
105	0.3798984081560816		0.1812193423864095			
115	0.3682630333858339		0.18159427358787292			
125	0.38870774134541347		0.19998182082636515			
135	0.41739650817408175		0.20325099635077995			
